5 (34200.67, 110.4061, 33848, 34392)
10 (34152.65, 122.4183, 33832, 34472)
15 (34172.9, 103.2385, 33832, 34392)
20 (34194.45, 102.7905, 33896, 34472)
25 (34177.8, 106.474, 33848, 34456)
30 (36383.04, 3548.651, 33560, 43642)
35 (43482.1, 3879.397, 38025, 49308)
40 (49075.29, 217.58, 48587, 49372)
45 (48974.94, 97.53382, 48699, 49308)
50 (48987.02, 76.43311, 48731, 49164)
55 (48976.25, 89.27081, 48667, 49164)
60 (49006.94, 84.79887, 48683, 49164)
65 (49188.3, 271.2037, 48539, 49852)
70 (49016.51, 1262.477, 46267, 51820)
75 (49229.18, 1069.901, 47259, 51036)
80 (48222.18, 1501.61, 44842, 51612)
85 (48139.84, 1196.974, 46171, 51404)
90 (46750.59, 673.8329, 45643, 48907)
95 (46521.67, 704.3873, 44906, 47643)
100 (45440.82, 255.904, 44858, 46235)
105 (45065.49, 326.6816, 44298, 45963)
110 (44948.71, 254.8314, 44378, 45739)
115 (45359.57, 443.5888, 44346, 46363)
120 (44692.45, 206.8313, 44170, 45018)
125 (45385.53, 391.0328, 44442, 46155)
130 (45979.96, 467.3126, 45002, 46827)
135 (46488.71, 354.3407, 45419, 46987)
140 (46851.82, 414.3436, 46059, 47819)
145 (47742.27, 440.4964, 46795, 48619)
150 (47258.35, 540.2514, 46187, 48283)
155 (47996.0, 574.8162, 46539, 49244)
160 (47373.94, 413.243, 46171, 48043)
165 (47305.39, 756.2791, 45979, 49564)
170 (46809.7, 302.8195, 46123, 47227)
175 (46227.82, 406.1403, 45259, 46907)
180 (46394.67, 388.3982, 45595, 47051)
185 (46306.51, 430.9135, 45419, 46939)
190 (45445.3, 422.6437, 44458, 46171)
195 (44895.39, 201.2557, 44330, 45195)
201 (44812.29, 187.4176, 44330, 45050)
206 (44695.71, 212.1132, 44138, 44970)
211 (44884.43, 232.7315, 44234, 45227)
216 (44976.14, 166.7686, 44266, 45291)
221 (45128.75, 227.7582, 44458, 45451)
226 (45010.8, 206.0105, 44458, 45259)
231 (44987.63, 142.2285, 44522, 45131)
236 (44894.0, 194.8822, 44218, 45131)
241 (44667.3, 158.2854, 44266, 44922)
246 (47235.45, 2811.887, 44282, 53613)
251 (45352.9, 1828.398, 42058, 48683)
256 (42356.78, 335.3866, 41482, 43050)
261 (42595.14, 198.9037, 41834, 42842)
266 (42622.25, 234.76, 42122, 43114)
271 (43144.04, 277.717, 42442, 43658)
276 (43384.04, 291.7648, 42682, 43978)
281 (43086.9, 320.2866, 42314, 43610)
286 (43052.94, 221.4059, 42410, 43434)
291 (42977.84, 267.7536, 42314, 43434)
296 (42981.1, 165.9303, 42458, 43242)
301 (43032.37, 219.3869, 42298, 43338)
306 (43009.51, 274.8498, 42234, 43322)
311 (42603.96, 268.44, 41866, 42986)
316 (42312.37, 201.6266, 41738, 42714)
321 (42182.41, 176.0383, 41642, 42458)
326 (42320.53, 197.9069, 41786, 42554)
331 (42397.27, 227.496, 41770, 42698)
336 (42341.43, 207.7434, 41834, 42586)
341 (42381.59, 206.3076, 41674, 42586)
346 (42394.0, 172.8815, 41754, 42602)
351 (42560.2, 204.9473, 41818, 42810)
356 (42600.37, 278.1702, 41914, 42922)
361 (42708.12, 223.3728, 42122, 42938)
366 (42444.94, 213.9825, 41834, 42714)
371 (42444.29, 214.7122, 41802, 42634)
376 (42428.29, 208.077, 41642, 42698)
381 (42231.71, 167.873, 41706, 42426)
386 (42288.2, 201.1386, 41418, 42522)
391 (42203.63, 170.6222, 41642, 42378)
396 (42007.06, 182.5354, 41482, 42266)
401 (42005.43, 168.7602, 41450, 42234)
406 (42023.39, 157.0511, 41578, 42202)
411 (42117.43, 152.4554, 41546, 42330)
416 (42084.45, 165.8127, 41450, 42266)
421 (41978.0, 195.0863, 41322, 42250)
426 (41988.78, 178.2099, 41338, 42170)
431 (41984.53, 157.7481, 41530, 42170)
436 (42096.2, 145.6138, 41578, 42314)
441 (42028.29, 127.5827, 41626, 42218)
446 (41883.3, 180.3947, 41242, 42090)
451 (41779.47, 174.5063, 41258, 41994)
456 (41766.08, 173.4215, 41242, 42074)
461 (41688.37, 179.8442, 41242, 41882)
466 (41626.63, 198.4396, 40921, 41882)
471 (41578.65, 133.7045, 41066, 41786)
476 (41524.12, 137.4702, 41034, 41658)
481 (41534.25, 154.4978, 41098, 41722)
486 (41512.33, 188.3485, 40905, 41834)
491 (41503.53, 156.7232, 40953, 41834)
496 (41503.22, 66.08179, 41274, 41642)
501 (41475.47, 115.9273, 41146, 41642)
506 (41451.3, 97.97066, 41098, 41626)
511 (41428.1, 166.7188, 40889, 41802)
516 (41458.8, 128.2096, 40953, 41626)
521 (41485.27, 118.3433, 41114, 41690)
526 (41485.27, 159.5988, 41018, 41722)
531 (41536.18, 205.3185, 40953, 42154)
536 (41524.45, 184.2477, 41034, 41786)
541 (41624.7, 143.5116, 41162, 41802)
546 (41661.92, 166.1656, 41034, 41866)
551 (41687.71, 147.7296, 41002, 41930)
556 (41633.51, 185.1587, 41178, 41882)
562 (41616.53, 150.8702, 41146, 41770)
567 (41601.84, 155.439, 41130, 41866)
572 (41607.06, 139.5487, 40986, 41754)
577 (41555.47, 153.2551, 41018, 41690)
582 (41556.43, 163.7528, 40953, 41818)
587 (41553.16, 154.1741, 40953, 41754)
592 (41566.9, 126.4154, 41082, 41770)
597 (41550.57, 145.5106, 41082, 41754)
602 (41556.12, 150.26, 41050, 41738)
607 (41559.39, 157.1529, 40986, 41754)
612 (41488.51, 174.9973, 40953, 41674)
617 (41493.08, 194.5473, 40953, 41802)
622 (41587.47, 165.3415, 41082, 41994)
627 (41636.45, 123.8731, 41178, 41834)